Date Time Byte0 Byte1 Byte2 Byte3 Byte4 Byte5 Byte6
2014-12-14 15:15:06.592218 0 0 106 0 193
2014-12-14 15:15:06.772411 181 0 7 0 1 67
2014-12-14 15:15:06.920367 213 0 0 106 0 193
2014-12-14 15:15:07.218663 213 0 0 106 0 193
2014-12-14 15:15:07.366911 181 0 1 0 0 74
2014-12-14 15:15:07.513758 213 0 0 106 0 193
2014-12-14 15:15:07.664176 181 0 4 0 0 71
2014-12-14 15:15:07.810444 213 0 0 106 0 193
2014-12-14 15:15:08.108591 213 0 0 106 0 193
2014-12-14 15:15:08.258685 181 0 5 0 30 40
2014-12-14 15:15:08.403810 213 0 0 106 0 193
2014-12-14 15:15:08.702015 213 0 0 106 0 193
2014-12-14 15:15:08.853180 181 0 6 0 2 67
2014-12-14 15:15:08.997227 213 0 0 106 0 193
2014-12-14 15:15:09.150548 181 0 7 0 1 67
2014-12-14 15:15:09.293891 213 0 0 106 0 193
2014-12-14 15:15:09.592172 213 0 0 106 0 193
2014-12-14 15:15:09.745045 181 0 1 0 0 74
2014-12-14 15:15:09.887299 213 0 0 106 0 193
2014-12-14 15:15:10.042168 181 0 4 0 0 71
2014-12-14 15:15:10.183912 213 0 0 106 0 193
2014-12-14 15:15:10.339437 181 0 5 0 30 40
2014-12-14 15:15:10.480553 213 0 0 106 0 193
2014-12-14 15:15:10.636657 181 0 6 0 2 67
2014-12-14 15:15:10.777223 213 0 0 106 0 193
2014-12-14 15:15:11.075573 213 0 0 106 0 193
2014-12-14 15:15:11.231345 181 0 7 0 1 67
2014-12-14 15:15:11.370717 213 0 0 106 0 193
2014-12-14 15:15:11.518645 181 0 1 0 0 74
2014-12-14 15:15:11.667404 213 0 0 106 0 193
2014-12-14 15:15:11.965692 213 0 0 106 0 193
2014-12-14 15:15:12.113064 181 0 4 0 0 71
2014-12-14 15:15:12.260726 213 0 0 106 0 193
2014-12-14 15:15:12.410306 181 0 5 0 30 40
2014-12-14 15:15:12.557371 213 0 0 106 0 193
2014-12-14 15:15:12.855656 213 0 0 106 0 193
2014-12-14 15:15:13.004842 181 0 6 0 2 67
2014-12-14 15:15:13.150887 213 0 0 106 0 193
2014-12-14 15:15:13.449128 213 0 0 106 0 193
2014-12-14 15:15:13.604134 181 0 7 129 1 194
2014-12-14 15:15:13.744282 213 0 0 106 0 193
2014-12-14 15:15:13.901353 181 0 1 129 0 201
2014-12-14 15:15:14.040926 213 0 0 106 0 193
2014-12-14 15:15:14.188609 181 0 4 129 0 198
2014-12-14 15:15:14.337532 213 0 0 106 0 193
2014-12-14 15:15:14.635801 213 0 0 106 0 193
2014-12-14 15:15:14.783162 181 0 5 129 30 167
2014-12-14 15:15:14.930913 213 0 0 106 0 193
2014-12-14 15:15:15.229244 213 0 0 106 0 193
2014-12-14 15:15:15.378066 181 0 6 129 2 194
2014-12-14 15:15:15.525086 213 0 0 106 0 193
2014-12-14 15:15:15.675047 181 0 7 129 1 194
2014-12-14 15:15:15.821123 213 0 0 106 0 193
2014-12-14 15:15:16.119338 213 0 0 106 0 193
2014-12-14 15:15:16.269538 181 0 1 129 0 201
2014-12-14 15:15:16.414413 213 0 0 106 0 193
2014-12-14 15:15:16.712710 213 0 0 106 0 193
2014-12-14 15:15:16.864054 181 0 4 129 0 198
2014-12-14 15:15:17.007760 213 0 0 106 0 193
2014-12-14 15:15:17.161463 181 0 5 129 30 167
2014-12-14 15:15:17.304549 213 0 0 106 0 193
2014-12-14 15:15:17.602870 213 0 0 106 0 193
2014-12-14 15:15:17.756023 181 0 6 129 2 194
2014-12-14 15:15:17.897966 213 0 0 106 0 193
2014-12-14 15:15:18.053229 181 0 7 129 1 194
2014-12-14 15:15:18.194581 213 0 0 106 0 193
2014-12-14 15:15:18.350401 181 0 1 129 0 201
2014-12-14 15:15:18.491193 213 0 0 106 0 193
2014-12-14 15:15:18.647637 181 0 4 129 0 198
2014-12-14 15:15:18.787888 213 0 0 106 0 193
2014-12-14 15:15:19.086106 213 0 0 106 0 193
2014-12-14 15:15:19.243090 181 0 5 130 30 166
2014-12-14 15:15:19.381373 213 0 0 106 0 193
2014-12-14 15:15:19.530358 181 0 6 130 2 193
2014-12-14 15:15:19.678037 213 0 0 106 0 193
2014-12-14 15:15:19.827540 181 0 7 130 1 193
2014-12-14 15:15:19.974703 213 0 0 106 0 193
2014-12-14 15:15:20.272950 213 0 0 106 0 193
2014-12-14 15:15:20.422096 181 0 1 130 0 200
2014-12-14 15:15:20.568091 213 0 0 106 0 193
2014-12-14 15:15:20.866542 213 0 0 106 0 193
2014-12-14 15:15:21.016633 181 0 4 130 0 197
2014-12-14 15:15:21.161521 213 0 0 106 0 193
2014-12-14 15:15:21.314019 181 0 5 130 30 166
2014-12-14 15:15:21.458323 213 0 0 106 0 193
2014-12-14 15:15:21.756697 213 0 0 106 0 193
2014-12-14 15:15:21.908533 181 0 6 130 2 193
2014-12-14 15:15:22.051780 213 0 0 106 0 193
2014-12-14 15:15:22.205828 181 0 7 130 1 193
2014-12-14 15:15:22.348442 213 0 0 106 0 193
2014-12-14 15:15:22.646755 213 0 0 106 0 193
2014-12-14 15:15:22.800506 181 0 1 130 0 200
2014-12-14 15:15:22.941904 213 0 0 106 0 193
2014-12-14 15:15:23.097514 181 0 4 130 0 197
2014-12-14 15:15:23.238664 213 0 0 106 0 193
2014-12-14 15:15:23.394837 181 0 5 130 30 166
2014-12-14 15:15:23.535412 213 0 0 106 0 193
2014-12-14 15:15:23.692080 181 0 6 130 2 193
2014-12-14 15:15:23.832084 213 0 0 106 0 193
2014-12-14 15:15:23.984132 186 213 7 131 107 192 193
2014-12-14 15:15:24.128788 213 0 0 106 0 193
2014-12-14 15:15:24.427014 213 0 0 106 0 193
2014-12-14 15:15:24.576110 181 0 1 131 0 199
2014-12-14 15:15:24.722167 213 0 0 106 0 193
2014-12-14 15:15:25.020436 213 0 0 106 0 193
2014-12-14 15:15:25.170647 181 0 4 131 0 196
2014-12-14 15:15:25.315606 213 0 0 106 0 193
2014-12-14 15:15:25.467988 181 0 5 131 30 165
2014-12-14 15:15:25.612482 213 0 0 106 0 193
2014-12-14 15:15:25.910746 213 0 0 106 0 193
2014-12-14 15:15:26.062544 181 0 6 131 2 192
2014-12-14 15:15:26.205921 213 0 0 106 0 193
2014-12-14 15:15:26.359757 181 0 7 131 1 192
2014-12-14 15:15:26.502552 213 0 0 106 0 193
2014-12-14 15:15:26.800831 213 0 0 106 0 193
2014-12-14 15:15:26.954128 181 0 1 131 0 199
2014-12-14 15:15:27.095890 213 0 0 106 0 193
2014-12-14 15:15:27.251412 181 0 4 131 0 196
2014-12-14 15:15:27.392829 213 0 0 106 0 193
2014-12-14 15:15:27.548734 181 0 5 131 30 165
2014-12-14 15:15:27.689586 213 0 0 106 0 193
2014-12-14 15:15:27.845927 181 0 6 131 2 192
2014-12-14 15:15:27.986133 213 0 0 106 0 193
2014-12-14 15:15:28.284508 213 0 0 106 0 193
2014-12-14 15:15:28.440434 181 0 7 131 1 192
2014-12-14 15:15:28.579521 213 0 0 106 0 193
2014-12-14 15:15:28.727788 181 0 1 131 0 199
2014-12-14 15:15:28.876238 213 0 0 106 0 193
2014-12-14 15:15:29.174533 213 0 0 106 0 193
2014-12-14 15:15:29.322415 181 0 4 131 0 196
2014-12-14 15:15:29.469748 213 0 0 106 0 193
2014-12-14 15:15:29.619690 181 0 5 131 30 165
2014-12-14 15:15:29.766433 213 0 0 106 0 193
2014-12-14 15:15:30.064768 213 0 0 106 0 193
2014-12-14 15:15:30.214287 181 0 6 131 2 192
2014-12-14 15:15:30.359881 213 0 0 106 0 193
2014-12-14 15:15:30.658196 213 0 0 106 0 193
2014-12-14 15:15:30.808690 181 0 7 131 1 192
2014-12-14 15:15:30.953264 213 0 0 106 0 193
2014-12-14 15:15:31.105936 181 0 1 131 0 199
2014-12-14 15:15:31.250025 213 0 0 106 0 193
2014-12-14 15:15:31.548417 213 0 0 106 0 193
2014-12-14 15:15:31.700585 181 0 4 131 0 196
2014-12-14 15:15:31.843592 213 0 0 106 0 193
2014-12-14 15:15:31.997822 181 0 5 131 30 165
2014-12-14 15:15:32.140306 213 0 0 106 0 193
2014-12-14 15:15:32.295150 181 0 6 131 2 192
2014-12-14 15:15:32.437009 213 0 0 106 0 193
2014-12-14 15:15:32.735291 213 0 0 106 0 193
2014-12-14 15:15:32.889622 181 0 7 131 1 192
2014-12-14 15:15:33.030371 213 0 0 106 0 193
2014-12-14 15:15:33.186876 181 0 1 131 0 199
2014-12-14 15:15:33.327086 213 0 0 106 0 193
2014-12-14 15:15:33.484160 181 0 4 130 0 197
2014-12-14 15:15:33.623904 213 0 0 106 0 193
2014-12-14 15:15:33.776136 181 0 5 130 30 166
2014-12-14 15:15:33.920560 213 0 0 106 0 193
2014-12-14 15:15:34.218875 213 0 0 106 0 193
2014-12-14 15:15:34.370703 181 0 6 129 2 194
2014-12-14 15:15:34.514114 213 0 0 106 0 193
2014-12-14 15:15:34.669945 181 0 7 129 1 194
2014-12-14 15:15:34.810691 213 0 0 106 0 193
2014-12-14 15:15:34.967865 181 0 1 0 0 74
2014-12-14 15:15:35.107409 213 0 0 106 0 193
2014-12-14 15:15:35.255259 181 0 4 0 0 71
2014-12-14 15:15:35.404123 213 0 0 106 0 193
2014-12-14 15:15:35.552548 181 0 5 0 30 40
2014-12-14 15:15:35.700903 213 0 0 106 0 193
2014-12-14 15:15:35.849809 181 0 6 0 2 67
2014-12-14 15:15:35.997551 213 0 0 106 0 193
2014-12-14 15:15:36.147047 181 0 7 0 1 67
2014-12-14 15:15:36.294267 213 0 0 106 0 193
2014-12-14 15:15:36.592615 213 0 0 106 0 193
2014-12-14 15:15:36.745937 181 0 1 0 0 74
2014-12-14 15:15:36.887614 213 0 0 106 0 193
2014-12-14 15:15:37.185941 213 0 0 106 0 193
2014-12-14 15:15:37.340571 181 0 4 1 0 70
2014-12-14 15:15:37.481074 213 0 0 106 0 193
2014-12-14 15:15:37.638502 181 0 5 1 30 39
2014-12-14 15:15:37.777830 213 0 0 106 0 193
2014-12-14 15:15:37.925792 181 0 6 1 2 66
2014-12-14 15:15:38.074512 213 0 0 106 0 193
2014-12-14 15:15:38.373266 213 0 0 106 0 193
2014-12-14 15:15:38.520623 181 0 7 1 1 66
2014-12-14 15:15:38.667879 213 0 0 106 0 193
2014-12-14 15:15:38.966095 213 0 0 106 0 193
2014-12-14 15:15:39.114767 181 0 1 1 0 73
2014-12-14 15:15:39.261333 213 0 0 106 0 193
2014-12-14 15:15:39.411995 181 0 4 1 0 70
2014-12-14 15:15:39.557998 213 0 0 106 0 193
2014-12-14 15:15:39.856348 213 0 0 106 0 193
2014-12-14 15:15:40.006621 181 0 5 1 30 39
2014-12-14 15:15:40.151521 213 0 0 106 0 193
2014-12-14 15:15:40.449821 213 0 0 106 0 193
2014-12-14 15:15:40.601203 181 0 6 1 2 66
2014-12-14 15:15:40.744853 213 0 0 106 0 193
2014-12-14 15:15:40.898339 181 0 7 1 1 66
2014-12-14 15:15:41.041544 213 0 0 106 0 193
2014-12-14 15:15:41.195563 181 0 1 1 0 73
2014-12-14 15:15:41.338246 213 0 0 106 0 193
2014-12-14 15:15:41.636123 213 0 0 106 0 193
2014-12-14 15:15:41.790147 181 0 4 1 0 70
2014-12-14 15:15:41.931727 213 0 0 106 0 193
2014-12-14 15:15:42.087369 181 0 5 1 30 39
2014-12-14 15:15:42.228433 213 0 0 106 0 193
2014-12-14 15:15:42.384589 181 0 6 2 2 65
2014-12-14 15:15:42.525089 213 0 0 106 0 193
2014-12-14 15:15:42.674127 181 0 7 2 1 65
2014-12-14 15:15:42.821678 213 0 0 106 0 193
2014-12-14 15:15:43.119890 213 0 0 106 0 193
2014-12-14 15:15:43.268647 181 0 1 2 0 72
2014-12-14 15:15:43.415073 213 0 0 106 0 193
2014-12-14 15:15:43.713365 213 0 0 106 0 193
2014-12-14 15:15:43.863338 181 0 4 2 0 69
2014-12-14 15:15:44.008605 213 0 0 106 0 193
2014-12-14 15:15:44.306970 213 0 0 106 0 193
2014-12-14 15:15:44.457958 181 0 5 2 30 38
2014-12-14 15:15:44.602047 213 0 0 106 0 193
2014-12-14 15:15:44.755185 181 0 6 2 2 65
2014-12-14 15:15:44.898632 213 0 0 106 0 193
2014-12-14 15:15:45.196899 213 0 0 106 0 193
2014-12-14 15:15:45.349858 181 0 7 2 1 65
2014-12-14 15:15:45.492123 213 0 0 106 0 193
2014-12-14 15:15:45.646941 181 0 1 2 0 72
2014-12-14 15:15:45.788855 213 0 0 106 0 193
2014-12-14 15:15:45.944245 181 0 4 2 0 69
2014-12-14 15:15:46.085605 213 0 0 106 0 193
2014-12-14 15:15:46.384007 213 0 0 106 0 193
2014-12-14 15:15:46.538864 181 0 5 2 30 38
2014-12-14 15:15:46.679048 213 0 0 106 0 193
2014-12-14 15:15:46.836106 181 0 6 2 2 65
2014-12-14 15:15:46.975624 213 0 0 106 0 193
2014-12-14 15:15:47.123439 181 0 7 2 1 65
2014-12-14 15:15:47.272428 213 0 0 106 0 193
2014-12-14 15:15:47.570645 213 0 0 106 0 193
2014-12-14 15:15:47.719883 181 0 1 3 0 71
2014-12-14 15:15:47.865798 213 0 0 106 0 193
2014-12-14 15:15:48.017326 181 0 4 3 0 68
2014-12-14 15:15:48.162662 213 0 0 106 0 193
2014-12-14 15:15:48.460928 213 0 0 106 0 193
2014-12-14 15:15:48.611847 181 0 5 3 30 37
2014-12-14 15:15:48.756073 213 0 0 106 0 193
2014-12-14 15:15:48.909005 181 0 6 3 2 64
2014-12-14 15:15:49.052779 213 0 0 106 0 193
2014-12-14 15:15:49.351042 213 0 0 106 0 193
2014-12-14 15:15:49.503600 181 0 7 3 1 64
2014-12-14 15:15:49.646158 213 0 0 106 0 193
2014-12-14 15:15:49.800828 181 0 1 3 0 71
2014-12-14 15:15:49.942930 213 0 0 106 0 193
2014-12-14 15:15:50.241273 213 0 0 106 0 193
2014-12-14 15:15:50.390029 181 0 4 1 0 70
2014-12-14 15:15:50.536401 213 0 0 106 0 193
2014-12-14 15:15:50.691722 181 0 5 0 30 40
2014-12-14 15:15:50.833062 213 0 0 106 0 193
2014-12-14 15:15:51.131260 213 0 0 106 0 193
2014-12-14 15:15:51.280781 181 0 6 0 2 67
2014-12-14 15:15:51.426400 213 0 0 106 0 193
2014-12-14 15:15:51.578004 181 0 7 0 1 67
2014-12-14 15:15:51.723079 213 0 0 106 0 193
2014-12-14 15:15:52.021554 213 0 0 106 0 193
2014-12-14 15:15:52.177040 181 0 1 0 0 74
2014-12-14 15:15:52.316662 213 0 0 106 0 193
2014-12-14 15:15:52.464438 181 0 4 0 0 71
2014-12-14 15:15:52.613307 213 0 0 106 0 193
2014-12-14 15:15:52.911567 213 0 0 106 0 193
2014-12-14 15:15:53.058870 181 0 5 0 30 40
2014-12-14 15:15:53.206628 213 0 0 106 0 193
2014-12-14 15:15:53.504890 213 0 0 106 0 193
2014-12-14 15:15:53.653508 181 0 6 0 2 67
2014-12-14 15:15:53.800024 213 0 0 106 0 193
2014-12-14 15:15:53.950705 181 0 7 0 1 67
2014-12-14 15:15:54.096774 213 0 0 106 0 193
2014-12-14 15:15:54.395059 213 0 0 106 0 193
